Generation: 1	Fitness: 29
Population: 100
0 0 0 1 0 0 0 0 1 1 1 
1 1 1 0 0 1 1 0 1 0 1 
0 0 0 0 1 0 0 0 1 0 0 
0 0 1 0 1 1 0 1 0 1 0 
1 0 1 1 0 1 0 0 0 0 0 
0 0 1 1 0 1 1 0 1 0 1 
1 0 1 0 1 0 0 0 1 0 1 

 
 
 
 Generation: 6	Fitness: 26
Population: 100
0 1 0 0 1 1 0 1 1 0 0 
0 0 1 0 0 1 0 0 0 1 0 
1 0 0 1 0 1 1 0 1 0 0 
0 0 0 1 1 0 0 0 0 0 0 
0 1 1 0 0 0 0 0 1 0 0 
0 0 1 0 1 0 0 0 1 1 0 
0 0 0 0 0 0 1 0 0 1 0 

 
 
 
 Generation: 11	Fitness: 12
Population: 100
0 1 0 0 1 0 0 0 0 0 0 
1 0 1 0 1 0 1 0 1 0 0 
0 1 0 1 0 0 0 0 0 1 0 
0 0 1 0 1 0 0 0 0 0 0 
0 0 0 0 0 0 1 0 0 0 1 
0 0 1 0 0 0 0 0 1 1 0 
0 0 0 1 0 0 0 0 0 0 0 

 
 
 
 Generation: 16	Fitness: 9
Population: 100
0 1 0 1 1 0 0 0 0 0 1 
1 0 1 0 1 0 1 0 1 0 0 
0 0 0 0 0 0 0 0 0 0 0 
0 0 1 0 1 0 1 1 1 0 0 
0 1 0 0 0 0 0 0 0 0 0 
0 0 1 0 0 0 0 0 1 0 0 
0 0 0 0 0 0 0 0 0 0 0 

 
 
 
 got fitness 0 and ended
Generation: 20	Fitness: 0
0 0 0 0 0 0 0 0 0 0 0 
0 0 1 0 1 0 1 0 1 0 0 
0 0 0 0 0 0 0 0 0 0 0 
0 0 1 0 0 0 0 0 1 0 0 
0 0 0 0 0 0 0 0 0 0 0 
0 0 1 0 0 0 0 0 1 0 0 
0 0 0 0 0 0 0 0 0 0 0 
