
Imput number: 1: Inputs: 255 255 255 255 255 255 255 255 255 255 255 255 255 255 255 255 255 255 255 255 255 255 255 255 255 255 255 255 255 255 255 255 255 0 0 0 0 255 255 255 255 255 255 0 255 255 0 255 255 255 255 255 255 0 255 255 0 255 255 255 255 255 255 0 0 255 0 255 255 255 255 255 255 0 0 255 0 0 255 255 255 255 255 0 0 255 255 0 255 255 255 255 255 255 0 255 255 255 255 255 
Outputs: 0.90177 0.946271 
Target: 0 1 
Neural Network average error: 0.95291

Imput number: 2: Inputs: 255 255 255 255 255 255 255 255 255 255 255 255 255 0 255 255 0 255 255 255 255 255 255 0 255 255 0 255 255 255 255 255 255 0 255 0 0 255 255 255 255 255 255 0 255 0 0 255 255 255 255 255 0 0 0 0 0 255 255 255 255 255 0 255 0 0 0 0 255 255 255 255 0 255 255 255 0 0 255 255 255 255 255 255 255 255 255 0 255 255 255 255 255 255 255 255 255 0 255 255 
Outputs: 0.8866 0.946534 
Target: 1 0 
Neural Network average error: 0.976931

Imput number: 3: Inputs: 255 255 255 255 255 255 255 255 255 255 255 255 255 0 0 0 0 255 255 255 255 0 0 0 0 0 0 0 255 255 255 0 255 255 255 255 0 0 255 255 255 0 0 255 255 255 0 0 255 255 255 0 0 255 255 255 255 0 255 255 255 0 0 255 255 255 255 0 255 255 255 0 0 255 255 255 255 0 255 255 255 255 0 255 255 255 255 0 255 255 255 255 0 255 255 255 255 255 255 255 
Outputs: 0.880687 0.941865 
Target: 0 1 
Neural Network average error: 0.94313

Imput number: 4: Inputs: 255 255 255 255 255 0 0 255 255 255 255 255 255 255 255 0 0 0 255 255 255 255 0 0 255 0 0 0 255 255 255 0 0 0 255 0 0 0 255 255 255 0 0 0 0 0 0 0 0 255 255 0 0 0 0 0 0 0 0 255 255 0 0 0 0 0 255 0 0 255 255 0 0 0 0 255 255 0 0 255 255 0 0 255 255 255 255 255 255 255 255 255 255 255 255 255 255 255 255 255 
Outputs: 0.855522 0.939731 
Target: 1 0 
Neural Network average error: 0.975697

Imput number: 5: Inputs: 255 255 255 255 255 255 255 255 255 255 255 0 0 0 255 255 255 255 255 255 255 0 0 0 0 0 0 255 255 255 255 0 0 255 255 0 0 255 255 255 255 0 0 255 255 255 0 0 255 255 255 0 0 0 255 255 0 0 255 255 255 255 0 0 255 255 0 0 255 255 255 255 0 0 255 255 0 0 255 255 255 255 255 255 255 255 255 0 0 255 255 255 255 255 255 255 255 255 255 255 
Outputs: 0.8462 0.932473 
Target: 0 1 
Neural Network average error: 0.927527

Imput number: 6: Inputs: 255 255 255 255 255 255 255 255 255 255 255 255 255 0 0 0 0 255 255 255 255 0 0 0 0 0 0 0 255 255 255 0 255 255 255 255 0 0 255 255 255 0 0 255 255 255 0 0 255 255 255 0 0 255 255 255 255 0 255 255 255 0 0 255 255 255 255 0 255 255 255 0 0 255 255 255 255 0 255 255 255 255 0 255 255 255 255 0 255 255 255 255 0 255 255 255 255 255 255 255 
Outputs: 0.806733 0.929079 
Target: 0 1 
Neural Network average error: 0.909903

Imput number: 7: Inputs: 255 255 255 255 255 255 255 255 255 255 255 255 255 0 0 0 0 255 255 255 255 0 0 0 0 0 0 0 255 255 255 0 255 255 255 255 0 0 255 255 255 0 0 255 255 255 0 0 255 255 255 0 0 255 255 255 255 0 255 255 255 0 0 255 255 255 255 0 255 255 255 0 0 255 255 255 255 0 255 255 255 255 0 255 255 255 255 0 255 255 255 255 0 255 255 255 255 255 255 255 
Outputs: 0.729815 0.92793 
Target: 0 1 
Neural Network average error: 0.876876

Imput number: 8: Inputs: 255 255 255 255 255 255 0 0 255 255 255 255 0 0 255 255 0 0 255 255 255 255 0 0 255 0 0 0 255 255 255 255 0 0 255 0 0 0 255 255 255 0 0 0 255 0 0 0 255 255 255 0 0 0 0 0 0 0 0 255 255 0 0 0 0 0 255 0 0 255 0 0 255 0 0 255 255 0 0 0 255 255 255 255 255 255 255 255 0 255 255 255 255 255 255 255 255 255 255 255 
Outputs: 0.591652 0.927977 
Target: 1 0 
Neural Network average error: 1.00695

Imput number: 9: Inputs: 255 255 0 0 0 255 255 255 255 255 255 255 0 0 0 0 255 255 255 255 255 255 0 255 255 0 0 255 255 255 255 255 0 255 255 255 0 255 255 255 255 255 0 255 255 255 0 255 255 255 255 255 0 255 255 255 0 255 255 255 255 255 0 255 255 255 0 255 255 255 255 255 0 255 255 255 0 255 255 255 255 255 255 255 255 255 0 255 255 255 255 255 255 255 255 255 255 255 255 255 
Outputs: 0.588633 0.919504 
Target: 0 1 
Neural Network average error: 0.822487

Imput number: 10: Inputs: 255 255 255 255 255 255 255 255 255 255 255 255 255 255 255 255 255 255 255 255 255 255 255 255 255 255 255 255 255 255 0 0 0 0 0 0 255 255 255 255 0 0 0 0 0 0 255 255 255 255 0 0 255 255 0 0 255 255 255 255 0 0 255 255 0 0 255 255 255 255 0 0 255 255 0 0 0 255 255 255 0 0 255 255 0 0 0 255 255 255 255 255 255 255 255 255 255 255 255 255 
Outputs: 0.462236 0.915824 
Target: 0 1 
Neural Network average error: 0.781264

Imput number: 11: Inputs: 255 255 255 255 255 255 255 255 255 255 255 255 255 255 0 255 255 255 255 255 255 255 0 0 0 0 0 255 255 255 255 255 0 255 255 255 0 255 255 255 255 255 0 255 255 255 0 0 255 255 255 255 0 0 255 255 0 0 255 255 255 255 0 0 255 255 0 0 255 255 255 255 0 0 255 255 255 0 0 255 255 255 255 0 255 255 255 255 255 255 255 255 255 0 255 255 255 255 255 255 
Outputs: 0.243863 0.914925 
Target: 0 1 
Neural Network average error: 0.730311

Imput number: 12: Inputs: 255 255 255 255 255 255 255 255 255 255 255 255 255 0 255 255 255 255 255 255 255 255 0 0 255 255 255 255 255 255 255 255 0 0 255 255 0 0 0 255 255 255 0 0 255 255 0 0 0 255 255 255 0 0 255 255 0 0 0 255 255 255 0 0 255 0 0 255 0 255 255 0 0 0 0 0 0 255 255 255 255 0 0 255 0 0 255 255 255 255 255 255 255 255 255 255 255 255 255 255 
Outputs: 0.0200258 0.915487 
Target: 1 0 
Neural Network average error: 1.18289

Imput number: 13: Inputs: 255 255 255 255 255 255 255 255 255 255 255 255 255 255 255 0 0 255 255 255 255 255 0 0 255 0 0 255 255 255 255 255 0 0 255 0 0 255 255 255 255 0 0 255 0 0 0 255 255 255 255 0 0 0 0 0 0 0 255 255 255 0 0 0 0 255 255 0 255 255 255 0 255 255 255 255 255 0 0 255 255 255 255 255 255 255 255 255 0 255 255 255 255 255 255 255 255 255 255 255 
Outputs: 0.333193 0.904323 
Target: 1 0 
Neural Network average error: 1.06359

Imput number: 14: Inputs: 255 255 255 255 255 255 255 255 255 255 255 255 0 255 255 255 255 255 255 255 0 0 0 0 0 0 255 255 255 255 255 0 255 255 255 0 255 255 255 255 255 0 255 255 255 0 0 255 255 255 255 0 0 255 255 0 0 255 255 255 255 0 0 255 255 255 0 255 255 255 255 0 0 255 255 255 0 255 255 255 255 255 255 255 255 255 0 0 255 255 255 255 255 255 255 255 255 255 255 255 
Outputs: 0.650612 0.882913 
Target: 0 1 
Neural Network average error: 0.847646

Imput number: 15: Inputs: 255 255 255 255 255 255 255 255 255 255 255 255 255 255 255 255 255 255 255 255 0 0 0 0 0 255 255 255 255 255 0 0 255 255 0 0 255 255 255 255 0 0 255 255 255 0 255 255 255 255 0 0 255 255 255 0 0 255 255 255 255 0 255 255 255 0 0 255 255 255 255 0 255 255 255 0 0 255 255 255 255 0 0 255 255 255 0 255 255 255 255 0 0 255 255 255 0 255 255 255 
Outputs: 0.676421 0.873374 
Target: 0 1 
Neural Network average error: 0.858365

Imput number: 16: Inputs: 255 255 255 255 0 255 255 255 255 255 255 255 255 255 255 255 255 255 255 255 255 255 255 255 255 255 255 255 255 255 255 255 255 255 255 255 0 0 255 255 255 255 255 0 0 255 0 0 255 255 255 255 255 0 0 0 0 0 255 255 255 255 0 0 0 0 0 0 0 255 255 255 0 255 0 0 255 0 0 255 255 255 255 255 255 255 255 0 0 255 255 255 255 255 255 255 255 255 255 255 
Outputs: 0.591801 0.871624 
Target: 1 0 
Neural Network average error: 0.981416

Imput number: 17: Inputs: 255 255 255 255 255 255 255 255 255 255 255 0 0 0 0 255 255 255 255 255 0 0 255 0 0 0 255 255 255 255 0 0 255 255 255 0 0 255 255 255 0 0 255 255 255 0 0 255 255 255 255 0 255 255 255 0 0 255 255 255 255 0 0 255 255 255 0 255 255 255 255 0 0 255 255 255 0 255 255 255 255 255 255 255 255 255 0 0 255 255 255 255 255 255 255 255 255 255 255 255 
Outputs: 0.622308 0.845994 
Target: 0 1 
Neural Network average error: 0.839936

Imput number: 18: Inputs: 255 255 255 255 255 255 255 255 255 255 255 255 255 255 255 0 255 255 255 255 255 255 0 0 255 0 255 255 255 255 255 255 0 0 255 0 255 255 255 255 255 255 0 0 0 0 0 255 255 255 255 255 0 0 0 0 0 255 255 255 255 255 0 0 0 0 0 255 255 255 255 0 0 0 0 255 0 255 255 255 255 0 0 0 0 255 0 0 255 255 255 255 255 255 255 255 255 255 255 255 
Outputs: 0.523638 0.83747 
Target: 1 0 
Neural Network average error: 0.981905

Imput number: 19: Inputs: 255 255 255 255 255 255 255 255 255 255 255 255 255 255 255 255 0 255 255 255 0 0 0 0 0 0 0 0 255 255 0 0 255 255 255 255 0 0 255 255 0 0 255 255 0 255 0 0 255 255 0 0 255 255 255 255 0 0 255 255 0 0 0 255 255 0 0 0 255 255 255 0 0 255 255 0 0 0 255 255 255 0 0 255 255 255 0 0 255 255 255 0 255 255 255 255 0 0 255 255 
Outputs: 0.580497 0.795218 
Target: 1 0 
Neural Network average error: 0.950882

Imput number: 20: Inputs: 255 255 255 255 255 255 255 255 255 255 255 255 255 0 0 0 0 255 255 255 255 0 0 0 0 0 0 0 255 255 255 0 255 255 255 255 0 0 255 255 255 0 0 255 255 255 0 0 255 255 255 0 0 255 255 255 255 0 255 255 255 0 0 255 255 255 255 0 255 255 255 0 0 255 255 255 255 0 255 255 255 255 0 255 255 255 255 0 255 255 255 255 0 255 255 255 255 255 255 255 
Outputs: 0.680106 0.711555 
Target: 0 1 
Neural Network average error: 0.879132

Imput number: 21: Inputs: 255 255 255 255 255 255 255 255 255 255 255 255 255 255 255 255 255 255 255 255 255 255 255 255 255 0 255 255 255 255 255 0 0 255 255 0 0 0 255 255 0 0 0 0 0 0 0 0 255 255 0 0 0 0 0 0 0 0 255 255 0 0 0 0 0 0 0 0 255 255 0 0 0 0 0 0 0 0 0 255 0 0 255 0 0 255 0 0 0 255 0 0 255 255 255 255 255 255 255 255 
Outputs: 0.633879 0.694624 
Target: 1 0 
Neural Network average error: 0.89904

Imput number: 22: Inputs: 255 255 255 255 255 255 255 255 255 255 255 255 255 255 255 255 0 255 255 255 0 0 0 0 0 0 0 0 255 255 0 0 255 255 255 255 0 0 255 255 0 0 255 255 0 255 0 0 255 255 0 0 255 255 255 255 0 0 255 255 0 0 0 255 255 0 0 0 255 255 255 0 0 255 255 0 0 0 255 255 255 0 0 255 255 255 0 0 255 255 255 0 255 255 255 255 0 0 255 255 
Outputs: 0.667218 0.590434 
Target: 0 1 
Neural Network average error: 0.898032

Imput number: 23: Inputs: 255 255 255 255 255 255 255 255 255 255 255 255 255 255 255 255 0 255 255 255 255 255 0 0 255 0 0 255 255 255 255 255 0 0 255 0 0 0 255 255 255 0 0 0 255 0 0 0 255 255 255 0 0 0 0 0 255 0 255 255 255 0 255 0 0 0 255 0 0 255 0 0 255 255 0 255 255 255 0 255 255 255 255 255 255 255 255 255 255 255 255 255 255 255 255 255 255 255 255 255 
Outputs: 0.583693 0.610133 
Target: 1 0 
Neural Network average error: 0.879083

Imput number: 24: Inputs: 255 255 255 0 255 255 255 255 255 255 255 255 255 0 255 255 0 255 255 255 255 255 255 0 255 255 0 255 255 255 255 255 0 0 255 0 0 0 255 255 255 255 0 0 255 0 0 0 255 255 255 255 0 0 255 0 0 0 255 255 255 255 0 0 255 0 255 0 255 255 255 255 0 0 0 0 255 0 255 255 255 255 255 255 0 255 255 0 255 255 255 255 255 255 255 255 255 255 255 255 
Outputs: 0.618595 0.502154 
Target: 1 0 
Neural Network average error: 0.835951

Imput number: 25: Inputs: 255 255 255 255 255 255 255 255 255 255 255 255 255 255 255 255 0 0 255 255 255 255 0 0 255 255 0 0 255 255 255 255 0 0 255 255 0 0 255 255 255 255 0 0 255 255 0 0 255 255 255 255 0 0 255 0 0 0 0 255 255 255 0 0 0 0 0 0 0 255 255 0 0 0 0 0 255 255 0 255 255 0 0 255 255 255 255 255 255 255 255 255 255 255 255 255 255 255 255 255 
Outputs: 0.694202 0.295624 
Target: 1 0 
Neural Network average error: 0.768409

Imput number: 26
Done